1:439,5;234,53;138,6;
2:272,75;234,59;9,5;
3:110,33;33,31;207,22;178,83;448,11;
4:283,15;30,52;356,99;201,73;
5:326,66;355,25;376,41;335,42;184,10;
6:409,3;308,39;79,60;
7:418,66;10,37;78,90;97,94;43,86;
8:213,60;202,56;69,57;249,36;
9:264,81;75,43;75,34;102,55;
10:186,92;183,77;285,21;120,55;74,10;
11:320,23;114,89;283,75;291,59;
12:124,68;368,3;169,83;85,26;
13:483,99;413,95;196,86;10,43;346,41;344,6;334,35;
14:325,30;103,93;187,24;205,38;
15:143,58;317,44;237,26;
16:226,2;204,87;143,87;
17:3,31;190,86;96,50;163,58;59,69;76,28;1,54;
18:153,81;409,54;365,36;
19:75,40;217,39;386,48;
20:216,33;297,79;350,73;470,62;372,28;373,29;
21:228,88;437,35;434,69;160,89;66,94;294,46;
22:37,10;493,88;139,10;180,2;
23:115,87;297,27;407,34;175,31;376,54;
24:59,88;112,95;486,46;371,45;
25:411,5;142,66;456,27;139,40;432,80;169,57;
26:220,71;333,26;441,30;258,16;
27:367,31;369,10;246,89;422,12;70,17;485,2;31,6;
28:350,36;206,52;46,14;459,62;72,45;253,96;143,53;
29:458,82;82,46;28,21;282,13;337,0;139,94;450,82;
30:94,59;225,76;220,83;395,88;237,66;484,9;
31:148,4;288,49;105,32;183,92;335,35;
32:58,72;446,95;188,22;
33:471,31;364,87;322,78;
34:122,7;17,40;427,49;375,74;292,84;487,1;
35:321,53;188,67;366,69;
36:486,90;314,67;79,19;350,30;
37:114,31;73,58;443,10;83,18;198,50;361,67;
38:222,8;457,82;363,60;479,70;376,7;
39:4,72;441,82;226,58;
40:257,4;349,36;129,74;166,100;196,35;234,47;
41:61,91;458,77;326,47;178,59;170,2;
42:167,27;449,29;391,35;76,47;
43:129,35;337,64;298,60;442,14;
44:425,42;401,6;200,54;311,78;281,78;238,63;293,98;
45:213,20;258,2;312,33;
46:422,36;387,34;470,94;445,94;
47:122,34;461,6;285,41;
48:443,99;276,18;77,64;125,97;
49:139,11;422,4;174,4;392,44;126,9;
50:264,12;237,31;373,59;344,34;
51:128,5;8,67;469,92;368,37;485,80;
52:465,64;305,17;119,17;155,75;
53:74,88;338,48;441,99;121,58;394,87;262,27;
54:305,77;444,21;171,65;280,32;
55:260,1;211,51;215,89;443,30;412,79;146,0;198,38;
56:8,96;159,43;20,58;324,36;281,19;284,30;
57:140,33;139,61;224,33;84,29;31,19;
58:31,3;94,48;303,20;105,16;83,60;436,52;
59:384,21;431,79;285,48;65,60;439,91;
60:93,18;230,29;100,93;390,7;15,94;227,36;
61:210,19;219,15;301,66;277,92;477,57;
62:252,72;376,51;295,40;469,95;329,59;447,36;401,42;
63:16,40;298,41;125,97;250,2;461,40;102,81;150,6;
64:63,28;352,78;138,46;187,89;30,91;
65:300,48;10,1;274,66;82,37;106,84;152,83;
66:492,85;164,57;137,62;338,51;491,47;54,1;299,68;
67:297,28;62,11;123,92;467,9;199,9;47,51;
68:353,16;172,42;53,10;298,97;169,97;262,51;
69:443,3;352,61;421,61;38,29;402,45;
70:393,26;333,59;142,63;482,15;
71:123,64;48,43;86,47;375,89;431,38;200,2;36,68;
72:275,0;360,73;40,23;481,54;124,4;
73:177,57;54,17;144,37;
74:88,5;382,14;432,90;53,43;
75:61,63;270,11;87,72;245,19;213,12;42,58;
76:319,21;165,6;400,68;12,15;427,91;217,4;404,51;
77:411,71;479,92;476,75;119,70;
78:346,69;379,58;66,60;452,11;
79:395,42;205,43;315,17;86,99;318,16;305,66;
80:23,69;414,26;269,34;263,28;106,44;195,0;392,85;
81:245,10;304,12;336,100;395,52;319,61;249,43;
82:315,79;462,58;266,44;222,83;383,27;469,72;192,68;
83:297,35;163,34;357,92;49,87;196,82;49,10;
84:87,15;393,22;449,7;483,15;130,23;
85:196,41;105,94;470,30;133,21;124,91;417,85;
86:366,77;222,86;268,62;
87:43,13;74,4;195,73;446,36;
88:432,32;329,6;224,23;456,18;
89:220,13;174,94;163,37;75,20;347,56;342,17;102,99;
90:91,66;197,13;327,93;71,44;457,71;69,30;
91:140,66;442,30;361,58;120,58;163,75;
92:228,45;59,92;418,1;70,90;66,45;390,0;438,95;
93:254,99;387,13;498,48;
94:451,20;482,45;228,75;209,18;410,31;
95:193,16;312,41;427,21;430,71;170,65;49,82;145,59;
96:201,5;305,86;136,68;183,32;
97:292,49;363,8;383,10;62,11;
98:80,20;132,0;88,41;
99:407,33;341,58;454,43;97,19;
100:440,68;367,85;465,84;47,99;488,12;235,36;
101:338,83;116,5;116,95;246,42;197,66;154,85;
102:52,61;22,29;252,89;144,70;379,12;149,88;
103:294,91;436,93;221,51;208,5;373,8;
104:63,14;328,4;96,45;100,27;206,35;470,33;428,96;
105:389,47;60,88;484,44;101,89;148,70;344,58;
106:72,17;154,32;390,24;294,55;
107:225,55;427,65;361,60;299,43;10,4;287,36;
108:361,46;121,2;68,6;12,80;330,46;475,70;323,12;
109:253,45;406,69;220,87;497,44;416,76;315,52;248,89;
110:242,91;317,42;481,70;224,90;26,17;192,19;
111:358,73;168,30;424,69;
112:154,11;431,81;374,82;
113:211,44;369,82;83,7;366,7;206,42;328,37;
114:442,7;249,5;498,47;326,58;241,47;168,49;
115:380,30;185,9;283,83;
116:5,86;427,10;317,68;55,64;458,13;244,96;407,85;
117:121,93;146,3;300,46;419,91;
118:354,6;58,36;246,65;322,99;
119:373,32;411,77;171,2;493,11;418,4;120,45;
120:62,2;355,56;129,72;
121:492,97;406,22;252,44;214,14;
122:403,48;183,3;13,99;264,78;408,83;
123:172,79;189,92;236,12;132,37;134,56;43,24;431,37;
124:423,80;126,83;138,18;
125:66,3;383,18;47,35;112,48;134,31;46,87;
126:269,17;341,59;19,77;
127:419,6;31,60;330,42;91,18;
128:414,32;422,28;145,28;193,76;445,41;182,81;
129:57,6;121,90;377,23;453,29;
130:466,61;76,95;274,17;165,19;283,76;201,70;450,99;
131:358,9;393,98;107,29;364,71;299,36;62,48;
132:134,86;410,93;118,52;
133:388,15;128,13;352,39;
134:402,6;303,53;408,25;
135:487,67;62,45;68,38;302,7;55,68;
136:369,29;115,44;277,8;
137:301,39;331,79;292,66;387,28;
138:99,8;29,28;243,66;27,78;479,95;
139:485,38;128,0;162,71;
140:152,51;143,74;289,99;202,27;456,56;237,61;37,47;
141:345,58;341,54;32,71;252,52;85,65;
142:490,83;330,27;80,10;364,96;334,68;52,48;177,78;
143:103,43;91,96;257,81;
144:263,75;280,95;338,52;299,48;
145:15,79;485,68;150,50;27,8;309,23;
146:60,61;27,44;368,15;129,80;24,65;
147:391,51;406,29;366,28;152,7;367,2;348,97;414,9;
148:65,2;88,96;63,87;217,20;389,89;29,73;301,81;
149:317,44;148,52;13,24;94,57;200,95;229,96;219,81;
150:262,12;95,62;481,33;229,51;251,84;
151:437,60;86,5;406,50;146,12;
152:387,57;121,22;322,75;351,81;354,98;
153:418,35;436,77;185,91;157,38;276,97;348,45;12,18;
154:98,83;480,52;303,12;272,8;
155:127,18;83,68;243,43;234,20;462,30;270,38;71,65;
156:80,19;427,36;415,39;
157:331,2;20,32;443,41;219,91;48,54;328,75;
158:23,63;18,46;376,55;231,42;10,6;222,74;
159:479,84;157,13;113,33;354,81;266,39;5,73;185,76;
160:259,66;100,1;248,9;267,27;173,1;
161:434,46;111,23;34,38;258,36;128,40;
162:109,46;389,32;343,1;296,53;
163:287,93;393,63;150,2;85,16;
164:449,74;91,77;80,76;99,63;
165:214,50;25,15;243,15;353,25;
166:145,2;414,91;133,28;
167:119,26;448,2;163,8;155,70;207,46;418,60;369,14;
168:350,92;32,36;167,58;407,8;63,17;456,5;
169:339,67;119,86;453,0;141,22;166,25;
170:203,41;391,42;177,2;49,9;91,12;
171:100,97;6,75;96,83;133,95;345,62;430,58;312,57;
172:495,96;434,6;436,37;433,80;247,31;392,41;50,49;
173:85,95;164,24;461,9;
174:159,36;431,26;470,89;497,55;82,57;
175:135,87;155,95;472,82;103,17;299,95;400,54;104,25;
176:149,24;375,81;266,54;245,35;390,56;149,41;258,9;
177:400,7;33,52;473,43;172,31;183,4;39,35;
178:16,77;217,19;491,34;324,84;211,13;
179:307,75;317,54;19,81;359,62;246,95;472,90;434,51;
180:332,32;209,55;9,70;150,26;
181:197,44;272,51;416,68;341,52;
182:21,23;380,88;408,4;499,54;415,79;96,14;
183:65,24;495,21;340,15;114,31;239,57;179,3;357,67;
184:123,17;464,48;461,22;
185:422,28;427,80;269,72;232,32;294,34;59,14;364,78;
186:375,64;229,84;272,97;295,69;490,80;203,75;386,45;
187:73,82;197,58;411,72;31,20;
188:31,54;331,80;241,3;84,29;134,49;402,69;129,33;
189:103,11;428,55;337,19;316,53;
190:11,61;318,48;161,95;219,68;13,26;43,45;441,64;
191:16,96;381,63;143,78;263,33;29,46;343,4;53,38;
192:226,37;33,49;128,9;327,3;120,12;271,87;
193:332,80;408,94;13,94;21,61;
194:477,91;91,10;178,92;
195:393,54;138,1;295,76;196,21;364,97;
196:412,16;474,32;250,14;268,53;
197:234,75;379,61;334,76;89,55;
198:151,61;359,33;250,43;353,12;364,84;
199:310,72;422,31;285,44;284,18;
200:115,2;39,70;461,58;
201:37,84;87,27;443,74;407,40;148,78;240,63;12,72;
202:62,34;402,17;45,94;372,54;421,49;487,63;88,61;
203:188,76;110,32;263,35;195,34;132,95;241,65;
204:381,12;303,93;390,63;263,26;184,1;475,11;
205:175,60;53,34;77,42;358,19;481,60;149,64;
206:105,11;109,29;378,27;210,91;69,28;48,62;45,47;
207:311,17;96,17;411,48;
208:24,7;38,1;60,23;300,42;407,53;210,88;479,67;
209:27,86;440,13;29,76;173,45;220,65;231,10;
210:130,18;187,99;246,3;
211:473,67;80,50;410,44;430,64;337,27;110,12;
212:169,30;258,16;54,1;43,80;219,11;
213:110,15;431,58;223,1;164,25;154,70;244,20;
214:367,35;408,74;246,76;65,97;255,74;7,85;
215:398,20;248,18;445,54;321,19;268,81;180,16;
216:470,75;332,92;406,32;59,10;122,82;365,70;479,63;
217:402,36;402,10;238,2;96,16;
218:470,68;116,89;297,87;259,71;329,56;281,35;333,49;
219:161,1;411,75;82,22;427,48;
220:355,56;398,63;255,14;347,52;394,99;453,64;184,20;
221:497,19;150,2;59,80;471,86;255,53;
222:99,93;300,15;385,86;373,93;83,16;84,83;75,93;
223:433,62;287,85;88,91;396,65;331,19;
224:462,2;43,83;180,72;464,51;
225:175,70;487,42;218,59;13,23;491,54;
226:257,11;16,93;483,81;416,46;485,57;343,51;328,78;
227:264,72;396,67;125,45;308,95;188,89;133,13;
228:51,51;343,14;243,45;311,19;32,10;350,43;26,24;
229:254,60;379,42;324,66;443,30;54,88;
230:314,22;430,97;230,74;313,66;462,19;361,14;330,22;
231:123,69;329,99;301,8;233,98;
232:482,68;174,48;450,38;480,32;318,80;93,58;301,36;
233:335,40;82,25;478,27;254,68;442,97;250,61;
234:459,12;347,48;49,99;2,40;60,58;449,15;
235:80,78;471,34;18,60;
236:146,27;54,56;279,33;473,88;346,73;250,30;252,18;
237:197,54;424,44;260,64;62,23;262,4;109,4;
238:378,20;352,2;211,97;94,18;13,64;
239:306,79;483,50;368,31;217,6;
240:218,69;102,15;401,9;264,1;
241:336,53;68,68;426,21;
242:268,76;270,67;67,86;424,8;277,57;341,25;
243:9,51;178,51;4,57;315,38;442,78;470,75;25,27;
244:427,41;121,12;182,3;409,13;409,46;
245:427,6;74,31;268,86;25,2;65,67;80,91;392,52;
246:129,78;345,73;416,75;225,67;349,56;
247:337,99;177,47;299,7;
248:136,8;153,45;29,84;70,29;100,3;69,24;330,10;
249:185,77;184,9;1,92;117,5;14,23;159,25;
250:448,73;320,73;107,17;276,60;110,31;173,1;
251:16,3;483,20;423,17;454,87;41,59;182,53;224,16;
252:289,89;497,88;346,64;162,68;339,86;372,8;312,75;
253:277,44;99,75;123,86;366,39;317,23;496,56;286,5;
254:19,21;59,63;422,36;413,75;108,52;132,18;
255:5,89;30,76;404,56;323,76;416,49;114,81;
256:162,82;56,61;190,54;
257:359,52;260,90;148,37;284,9;402,72;231,34;331,23;
258:99,91;134,91;13,13;108,30;
259:7,16;15,81;497,61;
260:381,70;14,50;40,94;395,85;366,36;36,76;
261:124,59;114,15;62,18;
262:489,20;18,88;408,71;286,56;128,31;389,90;182,70;
263:463,14;464,83;354,50;437,59;
264:288,59;411,6;398,96;20,95;51,28;
265:117,60;391,65;417,24;
266:390,46;125,59;306,9;453,77;374,29;476,96;282,19;
267:80,95;404,39;262,69;
268:231,54;149,65;409,19;151,82;
269:389,34;49,99;117,55;315,6;126,16;57,1;
270:10,59;178,40;466,100;494,20;148,6;
271:59,35;132,40;312,49;157,29;290,20;148,36;
272:361,96;12,3;403,43;5,27;191,32;373,26;194,37;
273:260,35;181,19;433,47;302,51;407,96;499,92;78,29;
274:212,82;135,51;31,95;453,23;87,15;124,57;
275:155,31;71,81;490,87;48,54;
276:105,78;216,66;446,58;449,74;398,68;459,10;
277:175,66;474,30;213,82;366,91;284,50;487,8;
278:438,91;453,90;487,66;420,76;164,68;
279:311,62;257,85;442,30;271,98;217,44;412,61;
280:120,70;481,50;35,51;
281:152,27;6,54;227,39;353,69;
282:407,30;264,95;86,53;157,63;260,70;
283:16,91;177,7;86,47;
284:101,11;69,88;258,35;333,44;272,8;
285:62,30;300,33;191,49;114,50;417,72;495,2;189,8;
286:236,17;285,82;137,41;137,91;
287:35,78;355,91;407,1;102,82;380,6;
288:461,32;294,58;146,83;392,63;
289:338,38;480,21;205,6;230,76;350,39;
290:195,60;52,39;12,60;447,45;
291:441,64;318,63;133,84;218,74;
292:477,77;426,41;376,50;
293:330,6;249,10;396,50;
294:420,5;185,99;322,98;
295:66,73;271,81;220,16;429,30;
296:467,88;22,67;490,38;
297:251,13;140,94;349,92;339,43;288,58;245,6;10,83;
298:349,53;305,44;308,18;
299:319,95;130,22;109,38;
300:303,30;359,95;306,72;10,2;389,53;21,14;
301:94,46;175,92;381,37;390,19;346,29;153,95;420,21;
302:453,97;371,1;56,49;102,94;
303:255,76;199,80;179,65;310,73;179,58;298,29;
304:127,73;203,81;245,14;444,75;139,31;
305:147,75;73,44;125,55;64,97;420,61;
306:254,79;376,43;310,7;72,68;109,15;
307:292,24;213,46;460,72;379,69;192,95;
308:257,75;72,29;203,72;285,93;239,100;404,49;
309:300,40;395,95;249,70;208,28;396,19;
310:189,83;301,71;442,15;120,54;279,49;
311:244,28;249,35;149,24;312,79;217,46;475,62;196,36;
312:394,3;261,49;128,1;72,44;
313:62,60;2,8;294,13;433,82;375,86;137,96;423,44;
314:67,9;472,95;433,8;231,29;268,5;
315:364,70;68,88;322,12;359,2;395,69;227,76;
316:81,37;322,14;78,44;499,37;315,4;
317:460,17;334,85;370,61;
318:224,57;107,83;242,46;310,78;216,20;273,17;293,11;
319:142,76;339,33;226,33;341,99;
320:60,47;118,49;457,15;
321:354,45;348,95;338,88;244,12;430,69;285,50;
322:353,41;169,10;30,85;237,23;310,48;
323:348,58;151,9;7,25;372,36;
324:350,6;18,49;400,44;233,36;191,45;
325:439,29;104,3;365,97;437,58;163,68;275,93;
326:179,17;253,1;53,87;6,31;51,40;
327:197,15;148,69;11,95;352,78;483,11;
328:142,97;375,50;257,60;201,95;
329:176,15;162,46;73,44;
330:67,12;24,73;119,28;102,20;107,98;
331:426,12;328,87;264,40;131,71;
332:478,53;58,14;185,17;64,99;
333:293,91;499,69;107,41;183,84;451,96;281,19;386,37;
334:141,51;291,99;126,14;
335:276,18;448,29;224,10;125,77;227,65;261,2;
336:106,13;33,97;58,31;
337:137,77;42,7;317,74;451,24;
338:113,51;403,80;230,70;57,80;201,39;
339:403,64;40,18;417,46;
340:22,39;174,54;411,18;102,7;364,69;
341:195,39;349,20;258,41;294,91;103,22;120,20;398,35;
342:347,26;116,63;19,66;412,28;152,48;
343:238,83;367,6;78,19;
344:251,87;399,88;291,79;77,70;457,81;
345:168,15;451,24;200,72;27,12;65,58;106,12;
346:6,31;243,11;149,98;
347:12,57;320,33;227,56;19,39;172,11;70,96;
348:35,100;135,53;313,10;329,89;
349:142,2;93,11;77,95;402,49;451,13;
350:164,9;437,72;33,89;327,74;406,22;495,41;172,22;
351:240,61;333,71;307,0;
352:328,81;380,3;496,32;148,97;97,54;
353:105,80;62,86;63,10;495,64;118,69;352,60;
354:273,26;317,11;24,62;377,38;464,22;336,0;202,56;
355:67,6;331,14;96,74;
356:13,80;381,41;44,12;394,56;
357:243,5;380,62;386,74;93,39;176,95;
358:292,21;328,80;60,68;13,25;
359:147,96;391,45;305,36;
360:343,63;326,75;200,13;278,80;
361:13,70;216,74;253,15;346,35;472,25;110,37;
362:392,71;71,50;277,75;96,34;344,56;
363:193,53;384,18;87,66;348,12;
364:69,2;141,42;177,53;490,20;
365:19,51;478,19;255,14;52,51;305,43;218,72;421,82;
366:2,67;479,23;447,75;127,70;357,32;31,44;179,80;
367:58,31;42,40;300,42;
368:126,89;303,28;181,92;474,75;
369:192,30;297,77;375,77;419,29;438,14;
370:228,93;168,44;269,98;62,21;
371:77,50;165,86;197,81;178,94;255,64;443,52;
372:66,52;223,8;342,59;467,36;
373:475,51;31,62;87,29;20,91;140,9;142,82;198,89;
374:442,91;251,55;109,59;118,9;373,1;159,59;95,53;
375:386,11;319,74;132,39;262,8;211,44;
376:87,24;392,70;59,1;481,93;285,38;451,4;343,75;
377:233,89;5,89;30,76;353,5;
378:458,3;156,78;193,58;319,67;
379:207,82;349,70;9,11;30,50;369,90;235,93;
380:359,31;135,63;107,43;234,100;490,67;
381:328,79;73,6;475,47;
382:66,11;266,94;151,11;148,42;
383:417,33;90,23;279,71;494,32;377,47;92,77;
384:168,4;210,99;195,96;354,26;452,95;115,40;406,23;
385:411,73;95,53;162,24;408,47;416,73;239,7;275,67;
386:181,43;20,83;244,38;478,34;35,4;
387:377,10;301,27;128,22;351,98;
388:478,38;495,73;40,82;243,1;
389:347,12;437,43;369,17;2,28;
390:451,71;92,14;76,69;98,56;253,84;55,34;104,19;
391:451,89;333,13;45,9;370,27;193,68;88,38;211,2;
392:439,64;138,94;424,46;182,84;
393:160,68;312,55;29,85;249,31;188,37;50,72;147,35;
394:294,64;299,25;294,74;182,41;405,72;411,51;
395:181,45;109,14;380,60;309,61;
396:498,66;298,71;428,18;86,94;254,34;
397:172,71;318,10;140,56;
398:247,34;238,97;45,37;
399:122,31;129,73;319,14;102,15;286,48;488,68;
400:346,2;55,3;184,42;35,82;201,20;303,22;207,71;
401:81,55;205,10;422,60;256,63;
402:64,35;390,97;464,14;68,61;184,34;433,4;410,95;
403:439,21;399,82;227,1;461,21;2,48;328,48;
404:345,16;39,70;308,25;30,17;296,72;145,58;
405:39,31;5,36;408,77;272,88;309,94;149,68;
406:102,33;105,23;389,75;389,2;309,82;75,48;23,89;
407:416,11;16,32;56,77;
408:383,10;254,81;171,45;27,10;283,30;28,22;256,21;
409:83,65;269,30;174,57;359,23;
410:157,16;304,15;80,52;295,10;178,48;466,94;
411:423,10;353,9;390,21;166,8;451,77;462,95;
412:121,53;215,41;372,57;216,47;333,37;
413:481,69;416,1;299,43;215,54;230,62;122,86;
414:208,78;146,41;180,43;45,21;496,25;251,31;
415:426,2;343,58;314,93;332,87;215,37;
416:132,99;318,93;206,54;276,14;180,48;390,99;412,23;
417:161,10;499,52;301,20;346,45;279,37;
418:29,46;471,67;2,66;18,73;270,9;420,13;287,91;
419:283,19;388,65;160,85;489,43;2,52;212,57;49,57;
420:220,38;81,65;460,37;345,42;253,10;
421:42,19;290,45;248,96;217,2;481,88;222,5;137,97;
422:311,2;393,99;299,36;
423:154,68;104,10;429,90;320,6;282,53;255,93;55,21;
424:79,88;328,22;93,56;45,90;219,93;
425:50,60;59,93;137,72;222,65;219,23;57,28;
426:403,95;151,43;349,89;480,43;61,29;236,61;
427:252,61;173,85;471,20;110,85;51,22;129,66;
428:106,97;342,50;366,29;164,39;
429:90,6;498,83;309,89;35,81;266,75;
430:247,35;161,26;49,43;355,79;
431:178,98;76,52;23,4;269,85;384,87;
432:181,46;314,86;307,47;
433:312,43;183,41;380,50;29,41;293,19;99,72;277,57;
434:154,31;224,90;64,56;272,97;167,13;
435:202,91;153,20;33,47;
436:210,93;196,0;264,27;491,87;74,33;127,77;357,60;
437:177,5;496,29;328,22;374,54;
438:130,83;370,86;441,95;480,56;85,59;283,76;
439:67,48;211,67;226,65;81,90;495,92;
440:262,60;460,8;464,10;260,68;279,88;57,78;
441:442,82;456,95;476,80;79,34;92,96;411,6;
442:389,19;205,12;293,85;14,20;210,64;379,65;436,80;
443:206,52;174,77;383,98;152,57;399,99;59,10;
444:56,10;120,8;284,29;400,81;433,36;48,45;
445:397,58;383,59;222,73;
446:337,29;237,84;456,58;404,20;379,40;439,69;316,73;
447:129,62;474,50;364,34;
448:307,94;443,56;460,81;58,78;470,78;141,28;
449:253,93;208,41;138,12;345,95;
450:434,7;321,74;249,25;201,0;498,46;173,53;321,87;
451:86,18;59,23;133,94;447,30;428,74;
452:276,37;87,77;411,49;392,90;120,96;363,60;
453:155,33;58,57;13,4;
454:490,22;210,58;86,19;85,28;454,52;
455:469,23;262,86;329,1;83,79;306,48;499,32;47,98;
456:342,34;176,23;378,37;132,18;341,39;418,12;
457:463,12;401,2;72,78;172,38;463,80;
458:20,16;189,54;445,59;
459:132,93;63,60;463,55;472,95;280,57;176,83;
460:484,90;377,21;197,80;280,62;330,30;
461:420,62;447,45;144,91;70,54;442,49;448,84;460,43;
462:283,96;224,94;473,38;57,57;
463:335,56;259,99;223,52;452,68;
464:154,52;183,18;50,2;
465:132,77;474,90;205,14;12,28;
466:464,82;85,33;377,53;385,53;390,77;82,2;226,49;
467:9,50;63,99;228,78;
468:483,20;40,1;112,77;489,25;401,69;
469:493,58;2,27;343,70;415,12;15,66;295,87;
470:367,55;200,94;472,56;106,82;165,81;
471:39,15;314,9;36,64;447,16;340,15;254,81;453,80;
472:399,27;491,85;87,81;257,13;
473:483,54;87,30;224,65;298,32;
474:333,31;223,21;289,3;
475:430,90;244,85;293,24;
476:473,68;348,55;381,55;68,23;
477:475,87;474,21;201,29;20,93;384,79;399,88;495,22;
478:105,86;407,36;468,51;142,10;194,18;440,21;
479:148,54;26,15;345,9;335,73;128,71;192,60;254,84;
480:131,31;275,98;488,14;389,55;
481:191,80;59,89;48,16;
482:346,39;242,85;87,81;397,28;157,61;
483:360,74;181,46;122,43;12,88;
484:424,98;86,47;68,6;76,52;
485:415,15;488,11;479,24;446,22;467,61;205,46;59,46;
486:60,14;134,89;474,66;298,33;62,47;
487:21,18;483,15;181,33;393,68;200,58;
488:496,17;201,39;249,44;
489:472,32;275,55;212,84;352,71;459,17;26,74;172,38;
490:283,79;291,81;167,96;248,66;
491:243,53;118,16;154,11;265,51;373,45;
492:99,55;190,79;59,60;
493:363,34;418,99;352,98;352,58;319,1;487,90;
494:379,39;286,66;255,26;13,53;
495:37,44;361,59;260,93;301,10;348,1;43,80;155,88;
496:413,56;379,48;67,21;
497:55,24;246,97;421,81;342,72;159,86;
498:489,2;301,77;378,54;437,92;94,8;308,3;
499:155,27;59,7;455,22;420,74;445,94;
500:203,89;385,15;331,73;356,6;47,62;121,60;