1:48,8;7,73;17,41;22,7;55,13;
2:98,54;8,68;46,66;45,36;25,79;
3:44,83;99,67;95,25;56,23;
4:67,87;41,58;55,6;
5:99,74;14,41;58,19;40,43;52,41;
6:3,84;63,38;55,20;46,26;23,6;77,17;10,94;
7:87,71;53,79;41,80;39,64;84,83;
8:57,94;30,60;18,87;29,28;84,78;36,76;26,50;
9:4,79;39,41;52,93;24,55;79,31;
10:7,19;70,6;78,7;54,97;
11:90,45;12,35;62,44;4,84;56,5;29,89;17,99;
12:39,55;64,4;89,95;13,71;94,17;
13:61,23;9,95;36,78;31,72;29,9;6,92;62,12;
14:34,54;31,99;89,53;54,39;
15:43,32;90,95;18,59;67,39;24,78;98,54;
16:83,24;59,58;9,7;46,87;
17:14,86;6,13;54,93;77,40;86,31;17,86;59,65;
18:97,9;80,31;40,86;
19:52,61;51,54;73,67;93,10;
20:2,97;60,100;1,33;48,43;36,75;
21:7,18;67,24;27,54;29,78;96,13;74,44;89,48;
22:35,75;38,0;80,8;
23:81,2;87,94;42,78;12,44;49,72;69,13;44,19;
24:57,81;38,42;49,22;55,24;13,34;83,99;44,29;
25:85,1;48,15;63,9;
26:42,53;58,46;32,43;98,71;79,71;33,42;
27:28,48;15,19;36,61;21,6;45,51;
28:37,14;49,63;85,23;52,60;71,53;26,27;
29:81,19;81,37;35,99;
30:7,94;14,71;45,16;30,93;76,63;
31:57,69;3,8;17,30;4,94;76,48;
32:16,11;80,58;8,92;18,87;33,5;
33:24,77;73,88;74,19;19,80;67,66;14,35;55,8;
34:32,50;80,75;49,54;42,93;64,51;
35:61,87;98,10;73,12;46,95;62,1;
36:17,14;58,78;48,81;46,63;60,65;73,99;
37:81,24;15,11;14,83;29,59;73,93;16,57;41,82;
38:6,85;37,80;22,78;
39:89,87;69,30;20,65;10,77;
40:95,14;59,53;52,85;38,70;86,9;89,75;
41:1,20;31,3;73,33;
42:96,98;9,50;65,19;52,71;73,94;
43:35,58;94,81;87,87;34,5;
44:58,47;57,84;15,26;94,2;
45:8,8;58,26;9,25;89,94;28,85;95,74;
46:14,27;2,67;53,36;
47:54,43;68,48;22,22;70,51;82,94;8,32;96,49;
48:88,45;77,92;69,17;
49:56,78;33,56;38,13;21,37;92,3;60,98;
50:51,76;7,4;17,40;85,64;90,90;
51:15,49;84,18;70,90;30,40;82,33;8,3;70,33;
52:50,4;38,55;99,57;73,51;40,38;83,22;46,62;
53:42,76;12,96;45,68;37,7;61,25;
54:58,57;90,48;47,56;
55:33,29;86,12;39,6;32,92;11,93;70,40;
56:96,43;26,34;72,2;
57:28,81;44,14;73,8;82,62;19,55;73,34;
58:40,19;2,82;55,37;94,37;98,82;84,96;2,79;
59:97,4;14,43;58,87;76,57;57,97;86,17;
60:10,18;23,100;94,38;
61:11,66;25,29;26,80;56,74;
62:56,97;80,63;49,62;31,29;4,1;
63:4,92;59,40;93,74;86,86;21,9;15,13;39,47;
64:39,5;17,89;94,4;
65:83,31;46,52;43,28;41,94;8,7;99,53;
66:63,17;28,78;42,10;90,31;40,6;38,10;87,19;
67:46,7;41,11;51,84;14,14;
68:72,23;10,13;56,8;6,94;42,44;91,15;
69:75,86;40,86;13,17;
70:77,44;12,91;43,45;26,15;88,78;
71:70,78;66,30;92,76;2,89;47,41;11,20;
72:73,31;48,44;37,34;17,14;48,53;72,100;81,39;
73:73,76;19,42;51,92;49,99;10,79;14,62;40,85;
74:27,42;12,54;11,43;58,30;55,52;
75:97,32;84,75;97,94;93,4;20,15;
76:24,39;10,4;72,95;
77:45,42;35,20;90,7;92,42;18,23;
78:6,48;76,25;20,62;78,82;83,83;32,10;8,18;
79:99,34;60,66;2,42;
80:70,22;29,6;49,69;57,53;66,28;50,97;92,32;
81:42,80;14,96;92,36;49,1;71,2;99,39;
82:24,23;82,6;49,66;92,50;
83:29,41;28,99;49,60;95,47;2,93;60,56;78,76;
84:32,42;40,5;76,78;82,37;
85:37,10;74,34;13,73;24,25;5,45;
86:53,17;65,39;51,46;
87:99,71;11,45;92,74;83,12;
88:37,70;37,3;34,1;45,38;
89:54,23;71,27;85,100;
90:6,42;38,7;90,61;67,58;60,6;21,80;
91:21,14;27,7;41,95;66,62;
92:41,85;59,62;47,90;73,41;94,88;66,22;
93:65,13;24,50;99,72;24,89;75,94;12,58;
94:19,68;2,15;46,41;18,71;67,54;
95:43,79;83,19;70,86;
96:95,48;99,71;97,40;69,0;95,98;
97:28,35;76,62;6,17;16,76;5,35;10,58;17,91;
98:12,64;74,86;32,99;51,80;68,36;
99:99,74;72,2;48,38;
100:13,98;59,46;52,96;81,81;