1:299,88;402,41;370,35;
2:935,46;618,37;83,16;786,27;
3:178,93;461,23;844,80;
4:383,62;303,93;147,19;975,34;746,9;829,42;
5:824,99;619,49;106,76;
6:222,65;698,4;649,62;
7:361,5;49,5;667,6;298,11;242,80;808,27;
8:426,32;78,13;861,38;553,71;217,65;
9:706,74;277,28;764,53;315,31;810,93;690,66;936,89;
10:167,72;896,33;958,91;31,95;583,95;151,95;189,48;
11:593,33;301,10;987,24;167,97;
12:508,45;864,100;129,10;122,87;303,95;966,100;
13:794,95;628,65;671,40;368,52;656,54;843,49;771,79;
14:201,64;943,90;304,60;720,89;307,88;
15:211,87;609,81;912,56;
16:313,25;196,47;99,13;
17:422,93;932,60;741,60;428,100;344,71;
18:303,41;571,40;901,82;27,95;785,5;186,23;
19:876,29;564,33;54,98;543,74;877,35;127,91;817,11;
20:961,88;545,71;59,63;453,34;862,58;984,79;663,63;
21:215,39;650,82;832,21;80,68;463,29;
22:563,34;616,61;358,16;44,70;776,38;
23:768,70;185,83;980,8;602,65;
24:942,58;56,99;6,41;557,83;934,78;
25:747,86;707,72;509,55;247,94;551,8;744,80;707,84;
26:324,37;891,3;733,20;792,91;116,95;451,24;940,16;
27:790,33;591,35;69,86;862,93;155,62;226,83;
28:533,74;333,43;817,35;862,51;140,44;
29:185,39;914,2;797,32;57,36;75,56;
30:738,11;337,85;297,16;61,19;491,63;
31:575,2;222,52;86,57;342,6;755,96;
32:942,27;422,58;121,68;256,17;63,89;
33:421,88;676,35;40,58;
34:998,21;737,31;255,19;779,22;562,93;191,1;774,98;
35:398,76;77,60;848,4;
36:576,40;366,81;878,48;457,80;
37:679,15;174,10;19,57;
38:480,44;157,29;747,74;44,90;796,21;828,81;447,60;
39:164,50;54,97;313,72;440,24;550,17;460,3;848,25;
40:229,89;209,42;876,80;320,3;846,87;429,33;
41:456,90;311,60;750,6;319,57;
42:298,90;786,74;911,14;306,22;679,90;872,54;325,53;
43:714,82;254,51;925,49;586,39;372,21;922,40;
44:19,70;582,46;804,72;
45:786,87;217,46;854,98;21,78;
46:493,73;465,83;292,95;346,7;194,83;677,30;503,59;
47:298,56;102,72;757,95;684,11;
48:558,75;424,28;616,63;332,17;900,35;806,15;
49:384,96;756,42;441,33;471,74;
50:905,91;1,80;416,46;351,71;308,65;977,37;337,51;
51:758,11;630,58;392,40;57,58;120,66;
52:259,75;486,23;140,69;10,49;
53:189,2;414,39;173,55;980,8;244,73;
54:561,72;862,56;677,97;
55:409,79;313,52;625,79;179,31;
56:232,99;311,60;288,51;995,75;81,22;911,18;740,49;
57:348,87;379,56;738,25;948,73;
58:208,84;455,64;291,94;294,83;913,34;46,99;538,98;
59:592,59;550,70;216,88;842,96;784,98;
60:452,27;991,51;956,9;
61:297,86;966,36;408,6;408,79;
62:686,29;815,53;984,96;428,89;859,40;90,43;
63:526,58;231,22;586,21;69,27;954,10;152,8;775,61;
64:605,79;372,90;59,92;932,13;907,15;149,47;866,34;
65:159,79;403,7;533,80;511,3;467,80;
66:912,38;838,96;13,26;820,51;732,14;768,50;728,57;
67:483,83;174,44;830,89;241,75;808,46;137,30;
68:437,90;582,67;107,22;593,55;551,99;491,52;
69:232,15;306,87;714,27;294,73;
70:461,96;773,90;874,49;
71:190,89;59,32;409,48;834,22;
72:32,97;787,6;878,4;904,41;961,44;787,38;
73:633,62;418,34;689,27;356,40;498,47;500,5;
74:776,26;611,46;563,61;226,0;742,96;522,40;
75:233,17;973,30;823,51;375,43;380,62;993,2;
76:602,97;59,6;314,51;779,65;167,95;428,32;515,86;
77:670,31;293,1;703,25;160,72;277,15;332,61;428,46;
78:899,29;884,65;482,31;
79:345,68;75,28;829,73;142,61;
80:824,57;348,44;851,69;898,13;
81:575,71;870,38;353,87;613,22;955,77;
82:635,44;296,40;900,61;
83:376,36;587,9;381,63;967,41;561,52;764,15;
84:527,9;526,6;295,57;460,82;546,65;855,30;
85:711,71;204,44;975,89;92,9;255,94;120,68;
86:719,64;722,37;117,3;911,4;77,54;722,23;581,55;
87:625,60;670,4;659,80;403,29;579,87;356,63;
88:794,72;890,64;768,96;460,22;920,28;77,72;922,46;
89:292,9;701,29;286,21;2,76;956,68;61,77;
90:831,39;203,24;595,45;965,54;121,7;
91:948,65;570,68;970,98;599,92;673,30;
92:899,31;832,61;326,62;885,30;569,16;
93:640,23;253,41;978,13;753,64;844,29;
94:738,5;108,33;616,40;927,51;766,50;
95:398,59;286,7;211,32;214,53;594,11;
96:588,49;448,70;235,57;323,8;
97:473,52;843,97;118,52;976,16;
98:164,52;617,48;797,81;19,48;
99:528,90;172,89;49,86;
100:913,77;496,55;548,6;77,57;
101:382,14;84,21;913,91;492,4;687,88;493,89;
102:992,93;75,60;283,100;493,40;960,87;58,95;111,56;
103:360,57;701,5;574,14;833,90;
104:968,50;610,50;895,95;
105:321,49;528,67;562,18;671,11;
106:270,10;790,93;396,39;368,80;674,15;940,14;501,96;
107:391,59;206,79;634,66;8,91;878,36;512,32;665,39;
108:961,21;409,21;610,64;
109:596,23;23,97;987,91;918,59;580,17;656,100;114,7;
110:339,46;26,41;81,82;998,33;196,0;
111:184,49;117,89;735,51;555,43;98,39;558,34;947,50;
112:367,20;356,52;418,38;303,3;119,50;849,88;
113:371,25;101,3;927,28;362,38;682,55;678,45;371,27;
114:275,75;521,46;26,75;406,87;
115:613,7;523,56;153,3;777,23;
116:105,97;368,89;851,43;367,29;610,86;552,19;717,96;
117:565,41;52,39;199,57;
118:340,36;746,72;403,63;211,14;
119:296,86;990,82;999,90;438,26;753,92;453,28;
120:969,88;320,28;942,34;805,32;
121:667,15;65,72;172,84;
122:298,84;736,99;800,80;764,43;394,46;237,13;848,79;
123:102,78;525,15;958,13;819,18;201,66;
124:605,40;664,36;391,71;689,56;503,74;752,99;66,56;
125:825,52;452,26;582,67;
126:13,59;582,50;802,88;
127:574,96;428,17;263,71;258,62;924,17;799,69;689,66;
128:685,55;526,78;149,44;150,40;715,8;811,28;
129:7,24;331,62;940,30;548,92;491,5;173,7;404,90;
130:906,83;259,44;340,34;107,60;532,73;
131:125,55;415,7;540,36;577,39;
132:623,9;887,23;700,42;512,33;
133:669,73;128,77;411,50;
134:84,90;460,1;55,39;405,77;132,97;127,13;
135:578,62;797,64;562,83;808,9;531,1;
136:258,44;211,86;456,63;
137:665,21;242,39;767,18;224,4;689,37;354,84;870,60;
138:719,40;139,7;589,31;581,75;
139:95,31;814,3;23,30;697,79;886,73;148,5;
140:198,76;938,89;558,75;270,31;
141:10,36;611,57;125,45;469,21;772,43;
142:528,76;509,34;125,73;411,78;289,92;344,10;986,70;
143:951,74;595,55;962,11;207,65;
144:55,45;558,37;228,36;
145:701,2;498,82;414,7;975,55;254,84;
146:963,78;754,96;990,0;149,10;825,16;436,44;132,40;
147:702,4;498,68;59,76;757,85;
148:640,95;875,15;259,5;478,86;325,68;473,76;
149:345,7;270,39;655,7;855,30;
150:356,88;76,26;370,68;780,11;105,95;522,11;
151:159,9;933,5;397,84;741,45;
152:244,6;751,99;270,37;194,54;173,68;
153:310,84;640,61;653,89;243,60;968,29;974,80;324,60;
154:531,50;851,59;772,34;581,51;59,3;
155:887,48;540,0;945,21;
156:714,41;700,44;999,28;941,85;484,6;553,63;
157:442,57;670,71;642,74;36,88;485,100;786,93;
158:177,85;667,41;853,98;943,84;818,58;
159:43,25;710,23;651,73;
160:940,72;230,91;568,7;114,70;
161:517,92;550,2;925,53;227,62;
162:812,23;683,32;429,81;
163:266,72;81,89;612,3;114,91;16,18;
164:145,89;853,30;807,10;709,27;
165:26,9;13,10;184,74;495,64;596,40;378,85;63,76;
166:322,86;544,37;323,20;895,47;
167:90,9;920,74;936,1;861,86;566,70;199,85;245,19;
168:408,55;831,47;175,31;270,4;
169:886,16;521,51;742,55;225,95;
170:431,99;935,15;524,2;
171:265,28;270,84;80,14;
172:607,21;978,38;235,39;404,5;995,67;
173:88,60;624,35;61,35;564,72;
174:650,46;407,7;458,98;592,7;512,72;
175:708,72;638,80;596,5;822,57;
176:51,62;398,83;639,30;916,50;607,32;53,59;
177:986,26;165,91;301,94;735,72;63,33;
178:481,50;105,59;505,47;478,54;282,37;
179:551,9;386,91;92,44;784,94;111,68;762,90;
180:883,98;780,28;305,94;353,73;130,23;
181:741,92;907,96;308,66;
182:258,4;119,28;982,10;526,74;637,22;
183:290,33;232,39;480,3;757,64;462,37;
184:136,44;680,59;395,63;745,0;318,53;704,59;869,16;
185:581,5;531,27;344,48;951,1;613,20;802,73;
186:124,57;773,25;686,81;648,21;
187:940,77;972,0;548,58;
188:152,40;332,68;144,76;113,17;393,83;431,10;
189:796,40;593,26;994,35;
190:578,43;597,48;529,49;645,70;
191:207,98;15,9;135,20;942,81;
192:874,92;803,27;728,80;314,98;818,22;277,15;
193:993,54;931,31;978,20;752,97;630,48;
194:410,78;109,67;301,6;834,30;28,47;
195:917,1;645,4;338,53;280,39;71,14;805,78;
196:638,98;386,57;75,12;14,24;
197:239,50;532,6;734,32;
198:917,66;142,11;462,3;286,60;
199:376,95;572,1;810,47;522,10;446,84;
200:108,60;738,55;556,43;969,83;
201:861,13;611,70;916,86;162,20;420,2;57,32;
202:36,81;128,94;919,7;747,23;416,42;941,24;
203:470,17;722,8;841,89;426,93;575,64;846,52;3,21;
204:763,72;874,66;937,12;346,67;691,11;361,56;497,51;
205:778,18;179,69;416,40;404,70;902,68;338,45;487,53;
206:774,9;537,14;120,23;293,84;
207:193,76;243,93;626,87;331,97;982,37;365,74;674,53;
208:43,2;690,12;694,87;907,60;189,61;757,63;309,25;
209:322,7;333,42;690,27;588,16;251,1;782,50;710,44;
210:348,72;716,16;861,48;
211:963,59;93,56;474,56;125,47;750,71;98,9;104,92;
212:743,69;991,36;550,88;441,72;
213:763,61;185,75;700,43;
214:669,26;807,100;891,57;642,35;
215:599,33;150,75;194,1;775,52;40,70;
216:286,31;102,69;758,52;850,73;
217:103,96;8,33;227,16;
218:941,43;264,95;893,75;306,31;626,65;823,16;
219:838,58;714,46;596,37;199,13;314,22;761,49;929,46;
220:302,33;905,68;263,32;422,92;
221:514,65;632,50;984,18;
222:717,85;818,77;237,58;
223:570,50;27,49;669,87;74,36;698,75;
224:481,29;187,41;889,34;339,26;492,98;663,97;
225:889,74;611,30;312,42;959,39;992,73;490,68;
226:304,16;629,2;969,83;
227:744,10;59,64;171,26;167,63;
228:441,16;783,4;620,75;228,85;440,37;137,38;
229:640,53;271,76;441,34;906,58;753,33;
230:444,9;555,1;851,73;
231:503,54;936,26;342,26;110,7;547,92;
232:782,72;64,30;618,87;685,94;363,34;862,81;
233:540,63;699,72;68,48;308,37;959,49;93,50;
234:855,57;110,9;751,47;950,19;275,66;933,27;
235:41,71;953,48;858,25;273,67;521,6;
236:354,85;383,75;530,46;492,14;787,14;
237:532,17;527,70;151,24;412,99;
238:383,6;471,41;665,34;905,66;980,42;645,53;760,84;
239:853,11;965,58;684,87;876,37;
240:358,59;776,13;512,68;
241:344,16;344,67;638,95;669,78;25,28;
242:67,25;852,53;672,56;237,3;876,28;410,86;
243:239,53;506,54;323,89;672,33;781,19;256,82;
244:756,69;332,48;611,21;6,73;11,67;
245:842,44;413,95;81,7;966,20;284,77;935,87;44,13;
246:365,97;79,1;531,84;560,48;381,54;150,56;
247:78,91;661,45;618,95;785,72;
248:4,83;545,97;334,15;134,31;657,95;833,34;
249:436,60;308,26;526,36;544,11;637,84;
250:735,83;906,22;890,89;402,80;796,79;429,28;465,97;
251:220,62;57,1;391,41;492,1;175,16;223,16;
252:750,92;656,35;797,46;182,38;
253:969,56;763,53;443,72;1,89;260,68;
254:609,1;830,37;24,41;
255:168,57;977,19;136,46;526,22;881,13;
256:282,41;123,28;601,42;943,98;789,59;738,54;377,91;
257:913,38;95,57;475,18;212,35;265,58;
258:921,41;586,89;820,61;447,82;744,42;973,80;
259:543,29;504,18;536,42;10,83;574,68;
260:345,42;978,1;706,42;54,90;213,25;
261:788,56;943,67;617,8;244,94;652,85;961,30;
262:31,91;122,46;852,16;169,1;
263:264,66;260,96;174,79;949,55;291,94;243,22;977,35;
264:630,22;939,2;811,97;715,81;
265:461,48;504,33;46,24;968,3;494,26;656,34;592,84;
266:717,76;795,90;964,25;973,47;486,95;
267:727,84;517,26;926,7;469,69;631,58;
268:504,61;397,82;152,18;
269:639,91;670,16;221,21;
270:881,33;104,85;293,96;269,79;
271:758,93;148,24;52,8;232,40;608,42;486,58;55,33;
272:268,19;710,96;965,21;514,26;488,67;591,6;
273:785,48;431,80;505,80;341,83;453,25;992,40;
274:294,21;84,91;434,37;876,83;
275:214,80;75,73;126,85;75,1;17,96;600,4;82,22;
276:668,47;109,85;117,20;112,24;903,16;403,39;730,38;
277:585,75;439,97;838,68;404,81;899,59;
278:246,26;414,62;577,39;623,25;
279:875,95;85,28;41,95;230,7;794,20;
280:405,67;416,44;300,9;296,56;819,37;
281:118,62;998,55;447,66;722,15;506,61;
282:987,14;272,59;292,43;999,55;806,67;412,27;892,2;
283:570,26;367,44;990,92;48,36;
284:751,45;2,90;312,70;978,4;397,58;286,11;
285:701,67;429,91;885,13;
286:106,35;281,29;228,62;88,7;253,88;223,62;
287:386,0;551,73;548,63;191,7;900,99;
288:825,41;429,68;737,1;237,38;559,77;
289:494,1;125,72;206,76;404,88;539,20;
290:107,57;456,98;770,51;601,96;
291:289,61;20,93;602,71;66,30;234,44;633,64;315,46;
292:112,56;664,27;982,54;950,20;326,72;217,66;
293:414,20;408,80;133,50;139,56;
294:334,31;718,57;878,76;399,62;
295:40,27;605,65;274,59;
296:328,6;748,86;682,70;
297:281,72;64,97;242,41;818,88;644,81;
298:153,53;380,9;981,10;449,71;542,67;801,5;272,41;
299:705,71;687,100;567,93;450,51;292,44;
300:512,55;19,72;940,28;677,45;422,60;428,30;
301:896,27;550,73;599,47;301,75;791,45;589,32;
302:699,26;567,21;238,45;97,56;246,28;849,70;
303:450,16;45,19;405,92;308,54;698,41;844,49;694,47;
304:917,85;470,60;967,46;483,45;671,83;
305:498,19;199,95;959,87;340,58;459,98;592,82;493,81;
306:879,49;663,69;561,89;38,12;915,32;
307:395,92;148,28;794,35;490,62;850,28;345,89;
308:687,40;890,69;613,53;614,15;291,41;231,51;
309:830,90;881,92;448,30;15,22;361,94;488,46;519,68;
310:11,19;232,49;426,67;223,35;706,38;517,31;
311:630,56;213,67;897,58;
312:639,17;254,12;422,21;182,68;598,91;135,20;148,62;
313:997,96;743,32;872,18;744,29;361,38;92,55;
314:983,43;979,12;63,6;444,64;747,52;690,17;
315:476,84;580,25;500,98;667,69;
316:724,24;44,70;494,61;186,24;944,16;990,83;102,37;
317:606,32;385,55;997,59;266,79;591,76;
318:997,61;547,2;923,84;909,42;67,21;7,4;720,80;
319:851,34;651,97;752,50;796,39;798,15;
320:284,82;908,23;968,3;
321:119,14;448,10;302,33;
322:621,36;316,35;784,51;506,71;934,61;691,7;465,98;
323:429,41;513,12;235,70;909,53;167,32;112,18;
324:466,42;201,67;250,29;339,21;212,55;234,43;
325:64,66;660,95;963,46;942,93;277,28;662,58;154,30;
326:192,56;94,55;910,75;
327:695,78;987,57;286,93;87,78;
328:801,18;857,97;920,6;953,40;758,36;726,3;204,86;
329:881,17;647,77;627,73;796,31;903,92;
330:772,62;625,33;88,88;
331:300,60;743,98;625,31;166,14;782,42;123,54;
332:235,85;547,44;707,20;343,82;787,39;537,70;
333:541,28;887,42;234,82;675,32;
334:117,6;321,72;112,53;946,20;68,31;
335:44,30;658,84;478,59;357,50;
336:14,26;386,90;118,66;972,48;792,7;
337:760,8;991,48;880,43;742,89;268,21;786,7;288,52;
338:744,81;246,79;119,24;522,97;296,26;
339:261,50;621,47;31,62;386,88;349,64;
340:892,82;380,35;616,33;518,97;
341:701,12;495,23;376,10;
342:313,37;603,2;622,4;273,9;971,54;73,77;432,57;
343:209,65;742,17;312,70;261,24;192,18;
344:64,21;825,61;40,52;86,1;996,75;
345:580,56;134,75;697,30;206,68;150,58;762,16;144,31;
346:272,72;724,5;945,16;888,50;
347:193,26;871,66;551,0;542,6;893,81;
348:303,21;781,48;198,93;446,77;232,17;639,72;675,39;
349:177,47;421,25;52,78;317,31;248,11;803,30;
350:381,80;374,8;568,72;686,60;167,28;881,80;
351:622,45;826,0;5,57;322,52;
352:253,85;506,44;863,30;95,25;944,32;
353:465,68;962,90;981,94;914,76;752,0;681,68;290,81;
354:422,66;810,61;186,98;157,9;
355:884,11;368,13;384,42;590,71;366,96;
356:202,70;71,26;443,55;
357:193,26;513,21;105,37;844,21;548,49;
358:569,63;869,36;507,9;28,2;963,86;368,58;
359:453,90;258,73;716,91;
360:60,60;96,52;681,66;342,21;213,62;181,81;
361:851,1;327,28;382,10;265,38;883,68;
362:730,64;677,29;657,87;143,20;383,10;
363:180,8;868,79;982,78;406,12;
364:954,9;690,16;231,73;368,25;202,34;
365:168,31;727,26;609,8;982,33;136,10;100,75;601,15;
366:123,39;803,97;18,55;201,56;202,75;
367:787,38;255,98;68,32;696,32;52,46;274,100;
368:615,7;448,28;707,12;754,87;634,40;168,7;683,99;
369:435,42;824,73;11,26;871,17;282,50;198,7;776,23;
370:650,25;822,7;129,4;277,1;848,24;395,64;
371:229,13;971,72;248,22;
372:506,21;50,71;574,56;
373:839,43;796,20;777,48;631,69;134,21;455,85;
374:265,21;605,74;92,42;528,63;
375:353,67;80,7;300,72;
376:987,27;986,56;772,7;665,35;
377:439,55;567,24;134,70;929,42;437,76;432,83;
378:129,30;833,71;888,38;4,19;
379:893,32;777,39;506,62;346,8;
380:791,32;720,62;109,35;309,3;250,22;59,15;183,31;
381:384,37;28,31;495,1;817,27;301,63;102,94;879,94;
382:761,39;804,35;214,65;
383:220,77;515,11;570,100;40,82;2,59;140,53;91,38;
384:186,29;969,44;945,5;
385:400,7;711,92;506,61;449,69;185,100;
386:379,62;275,34;428,23;133,23;
387:55,79;165,98;606,89;550,23;970,0;727,65;855,1;
388:956,32;454,76;673,69;80,26;782,87;624,37;445,43;
389:599,88;111,44;717,46;
390:981,55;53,44;634,67;750,51;795,58;203,88;297,49;
391:741,29;27,60;871,50;402,9;250,17;829,26;743,79;
392:235,90;469,39;562,28;899,60;
393:166,92;429,17;110,76;862,38;682,63;983,41;
394:810,76;643,67;38,71;772,18;
395:17,18;236,58;528,29;265,54;
396:736,34;48,81;826,100;
397:75,6;605,22;592,21;
398:36,95;304,45;877,64;69,16;
399:876,4;314,11;533,36;778,16;
400:66,81;350,83;355,20;323,44;376,75;14,96;470,40;
401:238,97;391,82;917,26;50,22;381,22;
402:719,66;568,2;64,55;970,39;563,72;581,88;
403:894,46;621,14;244,20;415,95;466,14;
404:317,13;637,29;993,19;171,10;735,83;86,31;
405:75,11;782,43;789,58;
406:883,51;844,16;831,97;290,69;
407:771,75;441,8;145,89;
408:90,40;835,44;511,31;
409:651,24;951,24;684,35;300,39;262,83;
410:821,5;565,81;836,7;649,85;
411:529,82;431,97;14,93;625,5;274,7;640,43;401,75;
412:980,54;437,50;208,94;
413:271,83;516,2;137,24;
414:736,69;987,13;16,10;980,80;97,53;
415:603,71;604,49;175,7;
416:781,93;33,93;251,80;685,38;351,69;155,62;584,31;
417:169,72;462,86;572,57;
418:963,49;992,15;223,77;
419:618,6;655,79;554,89;495,59;187,10;693,17;540,8;
420:66,75;838,81;350,40;34,7;
421:876,45;380,86;782,5;30,52;
422:583,64;159,33;799,45;849,13;706,8;576,47;
423:630,52;112,26;364,99;898,40;291,91;781,29;
424:7,12;78,32;804,85;
425:973,26;261,1;96,16;896,17;962,74;217,20;578,41;
426:288,30;718,92;868,93;261,62;695,18;798,70;
427:227,11;817,43;219,70;439,13;117,9;
428:444,0;353,66;643,95;32,61;335,67;454,67;
429:204,72;788,39;204,65;944,80;77,78;49,11;742,22;
430:283,9;183,56;243,80;271,65;8,24;460,35;71,89;
431:928,51;408,71;7,38;814,58;
432:505,9;129,77;335,55;380,15;160,75;97,73;907,95;
433:999,29;531,2;658,59;817,62;292,65;661,30;288,11;
434:459,68;242,7;442,54;108,15;211,8;
435:254,7;501,54;960,64;193,56;556,35;535,8;607,8;
436:912,3;78,25;576,30;804,43;
437:28,99;170,76;154,45;921,90;240,22;
438:715,92;687,58;885,77;173,71;464,95;237,99;826,0;
439:5,34;584,61;929,14;495,22;351,4;325,76;241,83;
440:409,24;840,57;126,65;977,86;
441:157,9;778,88;33,19;629,63;441,24;243,31;
442:230,55;192,61;93,27;558,52;584,64;774,67;240,53;
443:406,14;584,27;400,19;528,45;825,36;149,15;
444:647,30;383,64;558,89;
445:728,57;498,54;191,74;
446:456,83;800,6;219,54;84,94;
447:607,81;219,66;619,87;
448:22,74;942,52;6,65;934,34;
449:132,29;964,83;446,20;221,3;969,35;
450:817,74;596,68;882,95;883,90;732,23;407,61;35,65;
451:342,65;919,67;809,72;617,62;768,15;558,28;333,45;
452:66,17;725,87;156,100;959,28;227,69;
453:447,36;806,54;672,11;991,81;923,28;924,36;486,1;
454:995,74;210,64;486,66;514,13;261,9;
455:336,49;843,18;113,15;265,0;841,6;448,23;759,13;
456:750,56;973,44;691,80;652,82;142,64;243,25;
457:30,66;307,1;148,49;507,34;
458:301,47;414,8;130,73;157,5;754,11;550,43;
459:922,11;364,44;963,50;607,12;417,5;
460:457,83;826,60;195,80;64,68;
461:14,64;171,53;416,60;399,2;174,44;
462:443,37;830,78;141,10;666,99;43,63;
463:496,84;258,77;664,62;308,88;740,94;
464:388,58;153,50;304,28;37,46;521,20;
465:951,2;152,93;626,92;739,50;
466:179,1;921,34;998,99;
467:299,51;386,15;932,88;
468:871,61;450,46;678,81;772,69;443,25;
469:229,54;807,3;45,19;354,66;695,87;959,75;
470:870,66;833,14;31,82;919,77;166,54;
471:575,68;281,78;728,35;95,53;
472:834,90;115,2;628,10;
473:822,98;925,14;647,37;
474:217,3;45,7;716,38;548,99;284,40;919,28;
475:213,60;284,84;856,66;927,4;625,26;602,88;753,76;
476:749,56;998,75;31,24;217,23;449,7;
477:409,11;433,44;54,48;377,46;585,9;
478:907,2;102,44;584,34;423,59;711,42;928,13;
479:286,31;230,14;818,96;719,50;777,62;244,52;893,19;
480:76,41;545,60;446,35;422,1;
481:447,90;537,95;637,78;442,43;623,23;397,81;
482:890,5;424,32;513,25;
483:220,69;927,3;625,23;756,39;84,60;467,5;263,71;
484:257,29;522,82;709,24;701,68;993,97;817,40;
485:837,2;651,18;670,93;
486:338,8;624,77;486,4;606,8;
487:94,69;625,81;947,59;
488:592,17;227,99;334,45;49,40;325,19;921,96;188,13;
489:824,99;952,66;110,35;79,96;533,27;883,82;
490:946,15;940,29;702,97;961,9;
491:496,73;697,39;998,55;575,27;138,48;
492:269,4;484,70;511,72;
493:877,97;137,34;812,71;568,18;726,16;
494:114,31;415,55;348,99;
495:317,42;143,13;52,10;744,60;123,8;
496:19,50;177,81;643,80;
497:594,24;893,88;763,35;243,45;407,14;
498:43,29;120,13;679,65;597,15;
499:877,50;457,9;819,83;646,24;922,29;897,1;198,44;
500:710,26;574,44;825,64;91,7;792,95;423,80;64,99;
501:694,52;20,99;601,77;601,62;708,54;360,14;
502:345,83;558,86;908,8;715,72;360,52;164,98;
503:63,13;878,46;407,7;
504:292,78;632,61;700,14;
505:524,52;692,89;394,31;265,14;223,54;61,92;
506:531,49;492,22;119,17;626,0;635,78;
507:632,89;820,56;935,83;199,23;235,69;
508:37,26;194,78;243,77;681,36;759,72;436,40;
509:412,78;469,43;484,97;530,48;876,99;597,70;
510:228,63;292,30;439,13;398,37;267,92;
511:860,2;843,27;623,4;350,81;331,63;196,58;
512:437,97;350,36;957,30;199,19;492,76;156,68;
513:563,56;995,1;23,95;
514:444,60;414,97;850,78;50,16;50,14;947,23;
515:756,5;707,19;753,6;705,40;388,73;661,55;
516:581,42;855,68;55,46;276,20;637,43;
517:165,79;406,100;921,92;
518:760,72;334,55;559,53;97,99;55,43;225,62;
519:975,0;985,72;384,53;536,74;232,49;
520:845,58;513,8;57,30;178,11;713,92;532,30;447,5;
521:573,50;259,79;562,99;701,24;83,0;790,62;763,90;
522:244,18;415,71;677,64;724,57;
523:322,78;726,96;52,69;
524:315,57;86,99;101,76;345,50;976,38;54,6;439,64;
525:878,4;546,32;607,70;530,33;367,56;833,55;
526:19,60;405,38;142,24;843,42;516,68;
527:423,21;387,11;882,42;461,46;402,17;
528:436,92;940,3;324,88;750,94;117,81;353,1;
529:115,47;591,33;197,23;182,56;371,77;394,9;
530:143,13;180,61;137,47;757,12;168,1;
531:535,8;249,14;700,52;894,61;
532:810,2;175,13;864,13;510,85;727,46;706,27;
533:395,0;69,79;557,18;335,12;212,24;
534:384,27;876,8;569,24;59,16;
535:274,7;486,95;711,42;673,68;490,99;943,7;
536:30,74;49,11;922,83;140,72;599,73;
537:547,60;703,27;108,17;646,26;742,67;402,49;
538:675,97;151,59;660,29;595,100;285,2;
539:660,81;429,29;952,16;98,60;655,71;
540:83,45;983,74;920,57;69,66;
541:323,24;791,73;44,56;138,88;568,40;746,88;219,10;
542:650,87;191,72;678,85;950,69;83,46;445,38;600,7;
543:32,24;678,81;362,9;689,3;
544:811,11;711,69;896,39;
545:350,13;425,86;372,30;894,94;480,59;640,1;387,10;
546:443,37;369,33;994,52;932,29;262,29;474,59;47,46;
547:265,24;886,78;45,95;27,84;378,26;207,63;
548:326,50;658,47;667,43;
549:238,26;794,74;788,48;
550:847,64;180,77;441,94;814,15;276,26;
551:724,76;5,58;526,19;600,19;
552:665,67;717,33;114,13;317,94;
553:136,92;540,50;881,54;74,5;
554:599,9;259,38;649,2;520,89;245,19;876,73;
555:110,10;367,66;780,94;723,5;176,82;540,58;
556:129,94;23,4;858,98;100,73;422,50;46,41;
557:49,40;505,52;92,6;
558:840,100;116,97;911,29;225,8;714,87;
559:833,99;266,29;450,59;213,20;64,6;9,8;
560:549,54;373,71;269,60;777,85;647,47;
561:642,48;581,31;243,4;
562:210,48;81,91;176,17;992,41;165,2;118,34;
563:403,88;692,27;409,78;185,92;952,9;356,19;298,67;
564:41,96;357,28;784,73;
565:841,7;550,95;312,60;
566:991,38;345,54;693,31;204,20;725,14;431,22;
567:699,22;415,70;652,51;201,5;240,87;395,86;
568:253,78;404,33;220,74;
569:816,21;148,73;321,61;627,30;474,64;
570:505,95;773,31;710,95;402,55;623,27;
571:37,55;314,23;454,99;512,6;749,88;
572:189,9;898,62;56,35;
573:177,67;646,62;451,36;681,42;246,43;384,3;
574:75,19;652,81;347,99;709,38;826,89;827,61;
575:185,12;204,65;73,49;
576:147,97;110,13;622,29;
577:977,87;42,18;199,43;511,41;
578:906,52;883,6;112,90;220,61;749,76;198,35;
579:920,87;984,39;33,81;767,72;824,15;231,77;
580:306,19;757,86;815,16;
581:927,75;453,87;464,86;649,14;
582:744,39;102,81;883,23;
583:696,78;885,16;905,30;606,20;285,49;97,46;581,50;
584:534,70;898,12;606,61;
585:897,2;19,70;172,44;240,58;454,83;
586:245,25;721,82;258,58;592,67;266,81;104,56;
587:538,82;180,79;568,25;468,28;
588:818,42;630,35;961,63;142,17;
589:757,35;828,92;8,77;421,71;
590:732,66;576,77;690,23;
591:99,62;527,77;841,3;576,10;
592:223,75;722,4;867,82;545,78;185,92;721,17;
593:422,27;949,36;398,73;78,92;
594:811,73;951,90;232,65;832,22;771,5;664,24;
595:770,49;781,8;106,71;605,51;
596:278,54;860,31;683,80;416,75;344,13;
597:251,29;800,53;950,89;
598:458,49;707,5;654,71;172,70;412,15;24,4;
599:806,38;291,90;295,17;675,59;
600:108,70;761,79;691,63;246,94;422,3;289,19;
601:594,35;916,89;366,60;
602:850,48;109,70;146,6;875,40;945,66;465,26;435,78;
603:177,45;703,67;277,83;
604:118,19;267,13;967,38;818,76;647,21;616,64;
605:432,3;781,25;332,98;777,99;
606:378,76;834,46;229,43;
607:713,17;193,86;446,4;686,90;185,32;916,8;
608:665,96;428,30;336,57;969,14;82,23;809,93;535,67;
609:43,40;885,84;145,73;729,52;629,28;706,98;758,46;
610:224,28;68,97;219,67;55,12;
611:125,83;511,22;26,66;741,7;237,52;838,4;
612:881,40;717,75;309,39;574,72;562,98;
613:136,58;190,63;476,34;516,10;
614:806,16;886,76;122,14;65,90;706,75;815,43;782,43;
615:785,59;121,92;736,50;224,92;999,57;242,52;
616:364,44;604,36;306,7;581,5;
617:423,29;872,73;320,82;646,96;315,12;
618:619,63;128,99;380,47;356,41;934,67;
619:992,0;175,43;498,21;
620:320,43;861,17;841,38;
621:809,16;939,4;887,31;314,40;577,23;396,12;989,17;
622:186,75;291,88;859,4;202,45;51,10;
623:101,21;282,24;999,67;34,84;
624:741,50;841,88;170,41;34,75;590,79;
625:528,35;955,56;602,20;719,12;915,94;108,40;
626:869,24;946,21;118,50;233,20;511,33;741,96;522,20;
627:810,89;178,83;387,41;951,69;698,4;752,54;
628:877,44;842,90;375,73;757,85;200,81;477,39;
629:486,15;450,30;144,35;995,86;52,95;620,49;
630:28,47;670,58;235,37;328,97;903,63;776,31;
631:667,5;145,49;249,47;256,72;511,27;435,70;
632:827,43;686,2;976,68;713,75;
633:793,56;663,12;243,96;625,32;242,58;
634:335,3;829,30;691,97;570,46;3,10;665,53;
635:77,28;139,52;296,90;784,28;461,76;446,73;
636:390,19;933,44;464,80;830,5;724,65;930,21;
637:179,3;843,7;474,67;455,24;866,45;785,72;
638:349,95;378,45;48,46;
639:104,89;395,13;681,62;932,4;12,2;237,1;902,47;
640:773,80;365,29;993,62;
641:169,44;597,34;149,21;
642:17,45;895,26;293,32;
643:501,21;329,85;778,56;963,65;168,85;
644:923,8;365,27;712,59;2,21;867,89;441,67;
645:275,85;825,20;153,39;
646:699,7;777,71;702,95;910,61;
647:787,4;751,33;415,41;122,77;536,70;643,94;
648:472,10;981,67;75,74;920,47;
649:692,4;236,7;132,50;728,77;
650:424,86;679,75;441,87;713,27;421,94;
651:612,70;968,86;908,46;398,20;937,55;720,52;
652:772,93;361,13;482,75;688,28;
653:431,4;678,26;94,73;137,26;
654:853,27;910,15;151,83;423,10;
655:744,73;990,23;963,75;
656:316,42;168,5;452,43;
657:491,83;743,53;764,38;550,100;
658:368,90;389,1;322,87;288,74;810,70;
659:749,28;979,34;903,94;332,52;
660:896,58;414,78;982,18;140,61;422,64;
661:937,100;17,87;64,49;459,75;676,12;
662:663,45;952,64;367,9;717,83;537,76;156,12;290,80;
663:405,3;433,18;342,68;48,8;973,30;131,24;427,56;
664:13,9;287,76;603,62;17,81;220,7;430,10;829,91;
665:923,15;440,69;154,10;725,14;226,43;757,58;464,75;
666:944,98;175,62;134,14;610,65;917,42;225,31;
667:724,46;730,27;226,81;824,57;988,78;
668:124,59;644,88;648,79;295,54;
669:21,22;698,82;450,12;
670:596,75;599,38;533,77;333,40;306,68;
671:224,52;754,25;803,81;970,46;
672:820,45;503,78;238,61;
673:96,87;980,16;882,53;791,43;51,22;971,5;
674:886,38;157,75;198,47;253,98;887,94;
675:820,28;942,29;729,71;880,17;185,73;854,96;
676:346,88;531,43;622,56;875,6;979,34;
677:3,61;88,9;202,68;96,15;537,76;
678:165,43;389,31;468,45;432,93;169,3;
679:688,29;611,82;939,97;18,60;840,37;490,14;529,4;
680:204,54;614,85;17,94;216,4;173,4;173,69;490,30;
681:153,54;73,94;632,0;741,80;730,61;12,53;
682:759,15;168,80;894,9;784,29;563,87;603,45;252,76;
683:147,29;332,20;823,22;433,40;362,57;523,36;414,73;
684:571,59;26,54;360,91;26,69;330,10;312,36;193,40;
685:623,70;513,38;920,45;175,58;776,79;
686:898,55;774,1;565,20;109,57;969,58;
687:600,90;777,92;5,37;736,19;
688:924,87;89,2;588,95;
689:606,33;948,88;769,94;897,15;
690:123,3;299,27;418,99;544,29;684,43;
691:750,77;122,12;655,36;
692:55,48;787,10;621,91;660,29;442,82;562,24;
693:910,99;514,80;833,82;731,42;504,38;429,66;994,94;
694:747,25;723,10;790,98;139,19;893,37;
695:805,17;194,40;279,58;988,4;736,67;65,10;
696:174,7;891,43;774,99;386,34;
697:81,22;475,42;898,14;119,23;753,24;
698:581,55;903,1;919,90;829,0;903,44;
699:825,21;973,19;365,89;209,88;121,78;
700:713,27;831,3;161,14;958,82;
701:537,18;401,58;58,43;
702:617,43;107,42;306,71;590,67;
703:959,13;461,80;291,55;202,25;
704:79,43;982,37;544,32;325,51;401,12;
705:640,53;680,46;603,88;599,51;812,27;810,49;
706:55,50;940,26;191,86;906,74;748,7;907,9;
707:989,55;774,9;512,65;708,50;207,51;
708:835,8;520,34;387,16;676,56;34,3;275,91;
709:269,4;689,77;676,68;365,70;418,44;
710:201,53;202,53;639,33;634,76;876,10;671,37;293,72;
711:349,65;155,72;991,36;
712:448,13;608,8;213,71;51,96;
713:178,64;802,88;712,12;808,30;
714:7,62;167,7;554,2;363,46;834,39;
715:846,2;426,72;683,90;824,64;243,2;60,34;
716:635,84;696,84;832,50;841,37;312,58;571,78;
717:511,58;606,57;686,15;
718:475,27;261,2;122,62;232,40;685,13;281,71;
719:616,90;632,0;920,11;670,71;78,96;
720:613,28;723,55;573,40;390,1;
721:267,37;935,26;675,82;539,7;559,59;582,21;451,93;
722:320,70;803,40;597,16;871,94;698,90;473,78;990,59;
723:520,34;157,93;705,15;958,32;481,32;853,36;
724:981,51;131,52;701,91;142,10;872,68;628,67;
725:61,57;122,24;473,97;37,78;847,93;
726:917,98;31,70;461,46;530,17;13,4;749,42;
727:11,9;696,1;162,36;364,24;686,33;584,81;
728:604,92;420,25;384,65;533,43;
729:934,89;504,44;453,90;2,10;332,25;847,4;989,56;
730:370,79;957,21;612,93;603,63;657,39;259,65;898,81;
731:545,94;489,8;376,60;274,64;138,10;
732:66,54;639,88;82,11;582,51;187,85;648,100;
733:547,47;630,50;496,4;228,38;888,52;923,76;
734:112,23;32,0;223,84;105,4;
735:704,95;450,71;774,87;82,82;
736:76,57;771,38;93,70;
737:244,36;872,59;221,35;935,2;322,16;665,84;687,84;
738:659,36;696,16;619,87;481,86;429,81;657,88;271,41;
739:592,54;141,56;501,97;924,86;243,19;363,72;545,85;
740:272,4;357,17;121,60;
741:220,21;477,62;228,27;20,41;26,46;541,48;
742:138,79;186,95;414,91;
743:230,11;383,92;500,92;
744:358,25;938,60;53,37;379,9;
745:194,53;122,81;535,44;880,92;960,96;
746:435,2;553,84;803,40;
747:72,60;794,9;138,35;
748:150,14;260,7;990,9;633,57;10,43;225,31;734,72;
749:322,58;90,30;581,77;539,52;
750:448,62;749,74;455,64;
751:413,57;372,3;414,34;97,11;334,49;355,58;903,76;
752:468,60;69,39;593,49;245,58;201,37;
753:530,80;637,26;71,78;46,42;861,72;
754:390,27;444,9;786,77;398,50;135,69;289,43;
755:980,35;877,13;876,33;844,27;
756:442,56;363,87;3,93;773,91;899,54;442,37;
757:93,55;115,8;832,36;384,70;788,7;
758:899,56;58,62;606,10;391,31;290,68;
759:161,38;594,63;242,25;720,40;831,10;518,92;
760:249,65;534,50;58,64;811,88;896,24;
761:487,26;448,13;224,84;156,70;
762:104,88;395,95;942,95;866,10;
763:846,94;249,16;239,19;950,18;
764:562,61;276,87;390,84;
765:906,64;85,43;11,27;
766:16,30;642,0;874,23;513,76;
767:975,56;126,88;484,59;361,1;818,1;692,81;
768:855,22;272,76;441,34;164,60;999,52;
769:199,67;864,94;79,30;473,67;916,38;481,51;
770:336,67;660,33;338,49;
771:491,43;625,66;28,91;70,59;972,77;
772:269,89;821,45;785,16;131,9;46,25;
773:613,21;85,27;348,40;135,20;97,13;231,66;
774:761,63;951,71;851,41;598,11;693,89;112,45;488,1;
775:786,86;601,52;428,26;440,54;30,43;
776:718,78;334,81;296,76;301,24;907,78;
777:596,65;192,33;561,58;455,88;516,20;978,9;217,7;
778:818,59;549,60;166,34;316,98;845,20;446,84;
779:888,51;232,97;209,72;868,44;248,1;63,95;601,73;
780:4,97;567,56;587,12;457,75;315,65;597,7;259,90;
781:513,7;569,28;571,7;833,94;472,59;174,89;690,13;
782:874,2;877,68;400,86;793,36;131,79;310,28;
783:603,46;200,13;597,72;113,20;136,78;313,5;
784:492,33;269,33;554,82;138,71;342,93;271,44;
785:577,13;911,74;572,43;952,9;
786:137,22;968,61;813,14;71,90;529,47;108,83;
787:712,22;806,82;178,48;882,76;
788:665,34;674,20;862,58;600,23;409,79;365,59;63,100;
789:983,81;355,45;855,62;441,3;658,8;
790:167,11;630,30;399,47;
791:235,33;508,56;683,25;
792:201,40;923,56;737,61;938,86;533,29;
793:667,46;672,99;354,29;756,14;
794:910,88;133,75;619,46;210,100;528,55;387,84;
795:132,14;558,17;669,95;72,33;
796:128,94;304,83;945,83;845,21;
797:327,37;559,83;807,96;892,34;264,70;208,34;339,26;
798:506,47;171,31;217,40;445,9;992,25;733,59;296,32;
799:940,47;186,93;978,50;642,60;116,26;
800:405,70;57,91;240,97;444,12;580,82;127,3;97,40;
801:15,65;146,28;408,59;
802:879,39;486,67;129,32;65,18;288,9;
803:387,34;466,64;119,54;207,14;626,4;762,75;488,51;
804:855,14;274,28;916,47;761,47;213,62;386,93;758,4;
805:266,9;635,85;55,87;777,83;110,5;
806:681,16;764,63;620,67;435,57;410,77;161,20;
807:159,86;913,46;683,9;409,89;
808:105,7;467,49;328,60;170,28;499,40;
809:126,92;176,75;259,95;788,26;950,30;990,89;638,59;
810:937,1;862,57;292,93;551,2;
811:17,52;201,34;105,62;914,66;525,28;391,56;821,4;
812:328,41;98,61;270,47;
813:801,42;415,66;397,72;
814:568,3;166,14;423,56;634,63;598,29;868,60;
815:863,82;185,17;23,71;789,72;786,36;
816:450,39;705,5;550,96;850,85;
817:402,70;311,52;496,71;
818:600,29;75,93;300,36;442,50;
819:393,23;857,85;180,45;910,8;435,67;484,85;
820:793,83;836,29;80,16;784,89;727,87;670,78;486,74;
821:868,70;497,79;696,40;818,26;
822:731,75;368,59;90,69;
823:916,1;927,6;573,81;994,46;191,43;
824:286,68;656,29;926,29;105,88;652,15;
825:605,5;33,70;411,2;872,96;237,44;251,29;
826:152,59;97,74;369,61;782,51;198,69;
827:44,33;324,98;517,28;489,66;541,82;
828:670,89;356,26;809,74;540,12;891,71;843,71;48,30;
829:551,76;829,48;328,34;
830:471,37;564,19;723,83;
831:415,64;90,62;291,34;
832:806,83;382,77;324,27;
833:716,5;915,77;881,46;
834:252,59;76,64;206,33;390,84;
835:583,98;483,72;382,73;658,98;346,78;329,81;421,94;
836:777,36;327,27;844,59;948,82;
837:145,46;122,98;633,89;693,97;264,47;
838:881,24;721,2;663,68;49,13;511,39;330,21;181,45;
839:693,3;979,76;969,74;553,45;429,27;952,8;356,80;
840:95,90;825,7;79,58;
841:588,3;305,62;592,77;904,98;690,81;650,75;
842:814,87;181,2;640,25;457,87;108,5;316,72;
843:123,71;307,91;278,22;894,21;141,93;338,39;821,28;
844:59,30;538,13;941,66;27,37;698,73;913,31;
845:932,57;614,54;179,63;85,87;564,71;
846:662,37;518,35;796,54;410,45;553,1;594,30;
847:506,92;57,65;477,81;44,23;352,50;826,13;
848:378,92;651,32;590,11;535,79;
849:905,63;187,7;79,63;
850:61,74;912,9;384,45;385,14;777,65;
851:588,67;85,1;867,60;653,45;
852:110,69;121,54;951,13;149,91;906,54;703,47;
853:555,36;919,82;651,52;661,64;50,90;313,50;
854:815,11;124,78;25,13;
855:543,17;149,79;64,42;333,30;539,70;671,32;
856:901,72;157,56;920,44;303,96;659,91;477,42;617,89;
857:587,91;436,99;836,15;724,12;585,36;884,92;
858:846,2;16,47;125,83;972,44;
859:166,70;742,30;155,32;720,8;
860:322,20;689,84;316,95;410,60;
861:619,9;168,76;562,26;
862:955,71;751,90;247,9;214,53;645,46;
863:350,37;393,86;456,25;482,41;851,90;
864:52,26;791,3;241,55;353,89;714,71;641,41;
865:772,95;540,57;879,61;788,73;759,75;665,10;680,19;
866:15,57;609,69;326,10;848,78;638,17;561,16;
867:447,17;43,38;194,44;
868:296,28;160,51;411,95;
869:124,12;605,87;960,11;52,73;446,96;227,51;730,4;
870:475,38;2,22;150,99;648,85;
871:81,86;946,77;950,59;444,83;281,98;
872:988,51;724,45;909,41;708,49;771,26;966,48;738,53;
873:372,75;191,19;564,30;874,96;
874:154,86;578,83;305,64;361,9;
875:587,85;28,99;503,55;
876:115,91;375,40;355,73;310,5;123,92;
877:827,42;891,19;934,75;380,64;147,85;112,81;350,60;
878:12,69;681,71;136,16;47,78;58,3;903,69;
879:57,16;490,74;667,86;995,74;747,66;277,41;146,56;
880:749,30;415,72;651,93;
881:203,62;867,69;11,8;440,70;384,39;
882:477,15;86,29;67,54;613,34;747,99;38,28;527,71;
883:112,42;411,17;919,43;252,70;
884:768,35;886,41;3,20;73,40;211,45;
885:109,14;519,91;705,83;505,22;305,99;505,32;
886:881,42;512,25;974,99;832,13;722,39;
887:549,65;344,5;398,99;
888:129,20;350,90;917,82;266,58;392,75;99,19;231,49;
889:162,61;204,95;65,74;95,42;
890:375,6;671,14;375,89;573,26;266,96;
891:82,8;864,56;371,92;801,17;396,44;725,74;159,75;
892:12,13;593,62;652,41;
893:817,91;796,42;183,69;
894:110,45;973,18;622,31;778,36;456,91;797,21;803,87;
895:421,17;284,68;374,42;456,2;411,13;818,16;
896:968,26;463,31;740,59;351,76;358,39;346,39;
897:719,95;356,11;454,92;566,61;227,13;663,24;
898:434,14;446,4;507,19;870,42;
899:918,81;856,46;113,82;606,52;
900:576,54;29,33;111,90;
901:543,83;311,23;964,39;150,16;106,1;85,62;
902:378,94;625,85;613,3;371,13;667,83;535,17;861,10;
903:526,85;916,38;174,16;991,32;192,79;831,84;
904:973,71;505,47;581,38;36,80;
905:343,17;932,79;429,5;574,99;
906:606,47;381,23;824,83;
907:132,20;966,27;538,98;
908:982,2;707,12;217,93;765,28;
909:447,23;579,73;436,17;216,73;539,58;392,91;
910:606,65;889,70;868,76;240,40;
911:236,86;931,28;108,5;752,91;555,6;
912:201,7;573,64;845,80;200,6;880,4;
913:459,80;751,10;908,52;422,95;419,91;777,93;876,14;
914:169,93;558,20;284,44;124,19;270,62;
915:217,25;116,19;676,83;
916:655,1;88,72;390,45;695,16;4,60;986,75;
917:214,94;20,56;842,80;
918:699,69;889,44;670,92;380,23;670,29;
919:467,86;523,14;369,10;
920:547,45;297,83;941,73;359,48;754,81;840,69;
921:310,57;263,3;993,53;
922:601,15;643,58;450,24;837,78;
923:717,85;716,31;678,95;
924:722,9;405,81;157,99;755,90;96,25;637,41;
925:388,15;420,28;384,89;245,34;745,89;346,83;
926:224,96;742,9;33,61;234,8;617,98;
927:163,59;641,37;378,74;
928:645,80;36,22;15,97;
929:818,11;946,14;632,94;666,54;695,0;
930:984,10;604,78;449,82;540,78;387,40;208,20;
931:610,34;182,98;129,9;532,81;945,46;
932:139,70;522,92;681,83;235,85;828,97;238,59;
933:162,38;568,97;322,80;341,88;452,10;432,20;
934:457,1;386,92;450,92;436,25;547,95;
935:254,94;734,2;593,49;707,92;887,37;415,79;547,56;
936:874,9;926,18;6,92;
937:591,74;750,63;228,68;419,2;
938:807,10;684,30;788,33;795,1;397,89;893,81;534,45;
939:157,44;718,69;131,87;26,1;92,3;948,14;
940:359,44;832,17;29,2;
941:302,92;198,23;516,81;809,69;464,25;461,87;
942:155,98;344,57;180,42;
943:573,28;368,7;513,18;413,48;785,68;297,63;75,66;
944:591,35;683,75;802,71;50,24;868,83;
945:547,68;112,97;397,23;
946:120,48;901,61;186,67;831,56;
947:895,11;605,56;660,76;712,74;229,18;
948:595,53;41,58;879,74;554,97;416,28;791,52;
949:260,58;619,67;102,55;171,21;
950:777,67;882,64;610,52;792,22;
951:936,30;367,93;542,69;544,37;
952:152,89;345,31;289,27;951,13;
953:231,58;193,2;826,55;93,74;444,61;209,52;950,73;
954:494,61;417,54;273,99;462,42;890,52;566,92;168,80;
955:549,1;310,43;241,24;
956:414,55;476,1;857,1;
957:345,76;585,49;702,31;439,6;528,64;666,14;603,91;
958:321,80;929,81;43,81;874,36;126,10;
959:688,25;382,98;549,28;354,25;
960:946,78;719,29;14,76;552,98;722,84;950,73;
961:798,49;310,22;195,94;342,39;337,8;316,17;46,84;
962:279,45;274,20;483,18;166,33;290,95;
963:591,41;195,79;449,97;356,8;225,6;971,58;
964:137,16;381,69;787,50;303,33;
965:142,43;736,55;811,60;417,7;643,41;916,72;
966:84,53;137,65;342,98;322,46;990,29;
967:999,62;343,57;845,76;585,47;
968:742,84;321,57;243,98;394,62;
969:854,72;899,5;148,18;233,81;
970:300,53;719,39;293,83;
971:946,19;683,86;619,47;56,39;
972:999,23;558,58;326,75;344,65;306,95;276,17;
973:156,16;135,22;353,91;586,4;688,82;419,4;
974:492,63;57,12;772,20;891,89;96,24;637,58;
975:742,55;277,15;127,24;885,83;274,10;844,73;765,93;
976:673,2;866,66;472,54;560,67;
977:980,20;727,30;454,8;305,4;914,77;
978:428,39;616,87;710,4;
979:810,47;112,88;861,9;
980:770,62;162,68;945,95;484,75;177,78;772,37;426,38;
981:729,52;117,6;756,89;865,25;174,37;678,9;381,45;
982:928,83;938,16;756,2;887,7;115,73;72,23;
983:503,26;867,43;68,29;159,16;
984:981,55;514,81;397,16;41,71;
985:352,87;202,7;266,65;339,72;660,36;619,29;573,35;
986:519,52;638,2;360,8;124,30;882,92;
987:656,18;161,79;532,30;88,1;280,5;
988:535,53;288,6;8,60;553,7;
989:940,45;288,45;279,7;412,44;631,18;608,44;
990:740,17;183,50;167,38;905,99;562,52;150,98;265,21;
991:813,86;949,43;140,50;656,78;709,70;408,82;286,10;
992:996,75;927,22;953,41;604,55;
993:17,42;306,36;138,35;940,7;93,78;
994:465,57;811,15;223,51;
995:65,2;88,3;612,26;621,90;174,58;237,37;790,29;
996:243,12;442,26;653,75;657,94;526,36;492,22;913,38;
997:948,47;779,7;182,26;173,50;546,4;
998:404,88;718,12;274,68;
999:658,33;440,59;771,13;73,15;
1000:230,28;251,69;22,44;411,47;